   4.8085581569900410e-05
   3.2912626429175372e+11
   4.8139599138461238e+08
   9.5344901478197753e+03
   4.5664262252083900e+04
   2.8579509964652948e+02
   1.2808484866829137e-01
   7.9150302212702118e+03
   9.0760658356887247e-07
   1.0312805350939076e-06
   1.1837739016681435e-06
   9.3076613528217592e-07
   6.1798163352571145e-07
   1.0012811471216826e-06
   1.4226830625565103e-06
   6.1330682783432174e-07
   7.4722588446845591e-07
   8.2700015854464464e-07
   8.5788377247729510e-07
   7.4494070219963709e-07
   5.3116842494433407e-07
   7.4998127643892492e-07
   5.5380874572380877e-07
   4.4713214424817960e-07
   3.9575554656158283e-07
   4.4835894393501262e-07
   3.4047585138710615e-07
   4.0748862557552876e-07
   5.6521604177861086e-07
   3.6192810035659881e-07
   3.2398259090675729e-07
   3.8590782236493618e-07
   2.4373176187370364e-07
   2.4332316934713585e-07
   2.3303913189086232e-07
   1.2154019509209438e-07
   3.9429228205709345e-07
   1.6754236648177316e-07
   1.0330705294322331e-07
   9.3480083751829247e-08
   1.1661267713828311e-07
   3.3168831530764920e-08
   2.1344675279220998e-07
   6.7027274298602325e-08
   1.1473463569056010e-07
   3.4104727370042743e-08
   1.3785699259489740e-07
   2.6926375371513064e-08
   8.6989663860665382e-08
   1.1180173753173114e-08
   8.2920665387870850e-09
   1.3202169704355846e-08
   1.2230445059219205e-07
   2.5791412012016782e-09
   4.3248361899046673e-09
   1.7272674554655603e-09
   1.7068222329805849e-08
   5.1558589967316255e-10
   7.3236385908262358e-09
   1.5677567504698514e-08
   5.4232366049359333e-08
   1.3254059200321596e-08
   1.8036827710208404e-10
   3.0875628360438787e-09
   2.4733491049039208e-10
   2.4473574346971911e-09
   4.4515261607317681e-10
   1.8688647769345071e-11
   4.7948120699238908e-14
   5.7320054251782164e-10
   2.9829496186180239e-10
   1.7307724665141038e-09
   5.1962318974500505e-11
   1.1742857771795770e-10
   2.2645472716923545e-09
   4.1581992679427450e-09
   1.3731952169664351e-12
   9.4683254405782121e-09
   2.7749998509127706e-09
   4.8900939335894702e-10
   3.5143337185622880e-09
   3.5981326845304068e-09
   2.0050179503075650e-08
   1.0904159492959673e-08
   6.7523621485923556e-09
   4.6604974067813340e-13
   3.9971305962797272e-12
   3.3738798910423667e-12
   1.0776858600697087e-06
   9.9617744330546095e-07
   9.5111891026212088e-07
   7.2221329577838664e-07
   2.3482856842727054e-06
   1.4385595302663074e-06
   8.7405643381402933e-07
   4.4062050933231154e-07
   4.8878977913386156e-07
   4.6741279733559753e-07
   3.1083802766266959e-07
   4.1697370777162336e-07
   2.7956687840410540e-07
   2.4288718341384719e-07
   1.2069708745399696e-07
   1.6610936761278371e-07
   5.8223402601987984e-08
   5.2240008966954713e-08
   4.0577355445669731e-08
   4.6855718026008705e-08
   9.8463563818223375e-08
   4.7876009901372008e-08
   1.2674510428449830e-11
   1.1262053622360101e-08
   6.3707535257368153e-08
   7.3966814335819741e-08
   4.2872635517447202e-08
   1.3726098290490100e-09
   6.1649444700424998e-08
   1.4589553762475742e-12
   8.5326654957794502e-09
   1.0540997440353471e-08
   2.2644934268107223e-08
   1.7034378577012016e-08
   1.1349162472629295e-08
   2.6435710218984409e-11
   1.7502425160338298e-08
   2.2821648605477492e-08
   5.5265613096265169e-12
   2.8727742951583474e-11
