   2.6961643029160616e+06
   5.9849070580457826e+05
   1.3139069039095290e+07
   2.0411057154057036e-22
   1.3744116675556886e-07
   4.6595789280997817e-07
   5.5985832904985819e-12
   6.1034995475554732e-10
   2.0694660318479874e-09
   3.3001825172664180e-09
   4.3212827965909918e-08
   3.4062433888750187e-09
   5.8710703368135876e-07
   1.9176610983572910e-07
   2.1116265783601936e-08
   3.5404344344540261e-08
   4.0699595713839306e-08
   1.5404562863764074e-07
   2.6475216589662498e-07
   7.9856650980157025e-08
   6.1491202578710773e-07
   7.0210899825701610e-07
   8.9811318492590060e-07
   8.4940622277128415e-07
   1.6231785359231576e-06
   1.5331821277353468e-06
   6.9451387681949254e-07
   1.1455473543562209e-06
   2.3666679661517618e-06
   1.6997871658293250e-06
   9.3027136949448684e-07
   8.9014440881460737e-07
   4.2447703219821130e-07
   6.6988525815603589e-07
   4.0918633807177877e-07
   3.4936676230671382e-07
   1.0224480842297089e-06
   8.0067216114325862e-07
   5.1849193712982174e-07
   2.7064153141363228e-07
   4.5128713753100326e-08
   1.8541466580754199e-07
   3.2780417115212935e-09
   6.6681125365633403e-07
   2.9339539736051420e-08
   1.3409444526949527e-07
   6.2849156962627663e-10
   2.9343476946479794e-07
   1.9013340488219509e-07
   2.7152214354901563e-08
   1.3969596790026176e-07
   5.3695783179209997e-08
   6.9270326085492454e-12
   6.2384339485580054e-09
   2.1855466311311951e-08
   5.3466067260575567e-08
   2.7546635016597360e-08
   2.7985006611965704e-07
   2.0348755442834703e-09
   3.8225883900380644e-08
   2.0033576266627295e-07
   1.1446856542179746e-10
   5.0667762279142843e-11
   9.0272052497095002e-08
   1.7444415547117584e-07
   1.5742712320044568e-08
   6.2490198078171220e-13
   5.9456139322897418e-08
   8.3355078586117788e-08
   5.7626023378213234e-08
   1.7840538987918461e-08
   3.1700091090974884e-08
   1.0169016316176219e-09
   2.4597167513661426e-09
   1.2200713922530665e-08
   6.4401886553599993e-10
   1.0552558478460717e-12
   3.8059260876808644e-09
   2.3552806811507049e-08
   3.6170517898156423e-14
   1.7477057702207042e-08
   1.4179456307151045e-09
   2.4264260827509167e-08
   2.3704413267052553e-06
   7.8726871861488937e-07
   1.2475222585129716e-06
   9.1982356451787891e-07
   9.9239825358248712e-07
   8.5291577350155410e-07
   9.3952222553346401e-07
   3.8558232495787896e-07
   5.2274689262325451e-07
   8.9947017009864167e-07
   3.7057888973607980e-07
   3.5010921278246580e-07
   1.5735611964288168e-07
   2.0878379188546829e-07
   1.6514124144260763e-07
   1.4010879988615855e-07
   3.6395204078371480e-08
   1.3957752990928666e-07
   5.0341849305917559e-08
   4.1258879798503518e-10
   4.0359807680460067e-08
   2.9266943193087352e-10
   4.8492009675821156e-17
   2.2903468683692448e-09
   9.8565014059085373e-08
   4.4939967377515878e-09
   1.0773610349003707e-11
   2.5397177203790760e-08
   3.5607977941645700e-08
   1.1829023383409070e-08
   1.5354927003906317e-07
   9.4993970011799467e-08
   2.6148233040337521e-07
   1.1078322233866940e-07
   1.9581567894870917e-08
   2.8324409628172648e-08
   2.7703252317640006e-08
   5.4419274145957707e-09
   2.1564960529701102e-08
   1.4223549886785544e-24
