   4.9190017000000002e-05
   2.3696697000000000e+07
   4.2750697999999997e+04
   8.3697999999999993e+03
   3.1663000000000000e+04
   6.7740469999999996e+03
   2.5240632000000000e-06
   1.4675208999999999e-06
   5.6627678999999996e-07
   1.0245835000000000e-06
   1.0303168000000001e-06
   8.3428551999999999e-07
   7.5953402000000005e-07
   5.0667699999999995e-07
   6.6980990999999998e-07
   6.9425428999999996e-07
   7.9264384000000004e-07
   5.7999139999999999e-07
   8.4472340000000001e-07
   4.6345285000000000e-07
   4.9025018000000000e-07
   4.3452339000000002e-07
   6.4133220999999996e-07
   3.3047375000000002e-07
   3.4874075999999999e-07
   4.9547495999999997e-07
   2.2216978000000001e-07
   3.8048402000000000e-07
   2.8765588999999999e-07
   1.4622973000000001e-07
   3.9961369000000001e-07
   2.6344450999999998e-07
   8.6008994000000004e-08
   2.8052361999999998e-07
   4.4134910999999998e-09
   4.4873159000000002e-08
   1.6298222000000000e-07
   1.1782029000000000e-08
   1.4368973999999999e-07
   5.7564273000000003e-08
   3.5066609000000001e-07
   1.0900803000000000e-07
   1.3542275000000000e-07
   1.9755147000000000e-07
   1.8528094000000000e-07
   4.7384532000000000e-08
   6.4239844000000001e-08
   3.0754634000000002e-08
   3.3621026000000002e-08
   4.2173604999999998e-07
   6.2147330000000000e-08
   2.4147420000000001e-09
   1.2614879000000001e-07
   1.0813476999999999e-07
   2.4688017000000001e-08
   3.1027636000000001e-08
   5.0077203999999998e-08
   1.2055899000000000e-07
   3.0881638000000002e-08
   2.4945484000000001e-09
   8.9132757000000000e-08
   2.0682598000000000e-11
   3.0413660999999998e-08
   1.8575896000000000e-07
   1.1100509000000000e-08
   8.7820775999999996e-11
   3.7736629999999997e-08
   2.3500872999999999e-08
   6.3302488999999994e-08
   2.4282120000000002e-11
   7.5749256999999995e-09
   4.0234610000000004e-09
   1.7872525999999999e-16
   7.5344803999999994e-08
   2.4539182000000000e-09
   1.7678594999999999e-08
   7.1326389000000004e-12
   2.4556995000000001e-08
   1.2191302000000001e-07
   3.9620546000000000e-11
   7.1875221999999996e-11
   1.2889207999999999e-10
   2.4703905999999999e-12
   4.4648346999999999e-08
   2.1266686000000000e-09
   7.2152427000000000e-09
   1.3738502000000001e-06
   9.9028864999999998e-07
   1.0959787999999999e-06
   1.0342683999999999e-06
   8.9111141999999995e-07
   1.6705846999999999e-06
   2.0715378999999998e-06
   2.7442785000000001e-06
   6.4881874000000004e-07
   4.8057415999999997e-07
   3.3638794999999999e-07
   5.8423586000000001e-08
   1.7239559000000000e-07
   4.1643748000000001e-07
   1.3690790000000001e-07
   2.2748238000000000e-07
   3.1681613000000003e-10
   2.6517622999999998e-07
   5.6090545999999997e-08
   1.7805589000000001e-11
   1.8094361000000000e-07
   2.7845355000000000e-08
   2.5630030000000002e-08
   1.2042706000000000e-07
   7.9969972999999995e-09
   1.9335748999999998e-12
   2.2477761999999999e-10
   5.4628025000000003e-08
   1.5457008000000000e-08
   4.0182731000000000e-08
   3.4549646000000001e-08
   2.5029632000000000e-07
   1.4297628999999999e-21
   1.4833435000000000e-09
   7.1001545000000007e-08
   2.5911573000000000e-08
   9.5059648000000004e-10
   4.0271041999999997e-08
   4.9817594999999997e-18
   1.5750112000000000e-10
